0 0 0 255
0 255 255 255
255 255 255 0
255 0 0 0
0 0 64 0
64 0 64 64
32 64 0 64
0 64 0 0
64 0 128 0
128 0 128 64
96 64 64 64
128 0 192 0
192 0 192 64
160 64 128 64
192 0 255 0
255 0 255 64
223 64 192 64
0 74 32 74
64 74 64 138
64 138 0 138
0 138 0 74
64 74 96 74
128 74 128 138
128 138 64 138
128 74 160 74
192 74 192 138
192 138 128 138
192 74 223 74
255 74 255 138
255 138 192 138
0 148 64 148
64 148 64 212
32 212 0 212
0 212 0 148
64 148 128 148
128 148 128 212
96 212 64 212
128 148 192 148
192 148 192 212
160 212 128 212
192 148 255 148
255 148 255 212
223 212 192 212
0 222 32 222
64 222 64 255
64 255 0 255
0 255 0 222
64 222 96 222
128 222 128 255
128 255 64 255
128 222 160 222
192 222 192 255
192 255 128 255
192 222 223 222
255 222 255 255
255 255 192 255
